[gd_scene load_steps=7 format=2]

[ext_resource path="res://Nodes/PlayerDice.tscn" type="PackedScene" id=1]
[ext_resource path="res://Nodes/Level/Level_001.tscn" type="PackedScene" id=2]
[ext_resource path="res://Scripts/CameraController.cs" type="Script" id=3]
[ext_resource path="res://Scripts/TurnController.cs" type="Script" id=4]

[sub_resource type="ProceduralSky" id=2]

[sub_resource type="Environment" id=1]
background_mode = 2
background_sky = SubResource( 2 )

[node name="World" type="Spatial"]
script = ExtResource( 4 )

[node name="Player" parent="." instance=ExtResource( 1 )]

[node name="Enviroment" type="Node" parent="."]

[node name="WorldEnvironment" type="WorldEnvironment" parent="Enviroment"]
environment = SubResource( 1 )

[node name="DirectionalLight" type="DirectionalLight" parent="Enviroment"]
transform = Transform( 0.78977, 0, -0.613403, 0.141228, 0.973135, 0.181834, 0.596924, -0.230237, 0.768552, 0.306834, 3.76499, -3.4525 )
shadow_enabled = true

[node name="CameraController" type="Spatial" parent="."]
transform = Transform( 0.707107, 0, -0.707107, 0, 1, 0, 0.707107, 0, 0.707107, 0, 0, 0 )
script = ExtResource( 3 )

[node name="Camera" type="Camera" parent="CameraController"]
transform = Transform( 1, 0, 0, 0, 0.713336, 0.700822, 0, -0.700822, 0.713336, 0, 9.80722, 11.1934 )
projection = 1
size = 7.613

[node name="Level_001" parent="." instance=ExtResource( 2 )]
pause_mode = 1
